    0/99       31/31     0.268      1.86       136     0.911       139       145      1.03    0.00212    0.00545    0.00539
    1/99       31/31     0.246     0.651      7.45     0.685      9.03        48      1.04      0.182      0.197      0.217
    0/99       31/31     0.268      1.86       136     0.911       139       145     0.949    0.00212    0.00545    0.00539
    1/99       31/31     0.245     0.661      7.43     0.684      9.02        48      1.06      0.188      0.228      0.218
    2/99       31/31     0.237     0.317      1.14     0.462      2.15        65      1.02      0.246      0.249      0.304
    3/99       31/31     0.221     0.245     0.931     0.386      1.78        68         1      0.405      0.376       0.44
    4/99       31/31     0.206     0.209     0.834     0.361      1.61        49      1.03      0.446      0.451      0.479
    5/99       31/31     0.195     0.206     0.851     0.334      1.59        74      1.04      0.501      0.491      0.541
    6/99       31/31     0.186      0.17     0.756     0.321      1.43        84      1.09       0.56      0.444      0.604
    7/99       31/31     0.172     0.142     0.693     0.284      1.29        46      1.02      0.569      0.526      0.603
    8/99       31/31     0.167     0.152     0.694     0.265      1.28        74      1.07      0.585      0.478      0.633
    9/99       31/31     0.158     0.127     0.626      0.23      1.14        80      1.13      0.586      0.579      0.616
   10/99       31/31     0.152     0.116     0.608      0.22       1.1        86      1.18      0.619      0.585      0.651
   11/99       31/31     0.135     0.125       0.6       0.2      1.06        85     0.946      0.622      0.652      0.647
   12/99       31/31      0.13     0.114     0.602     0.196      1.04        77      1.06      0.587      0.586      0.627
   13/99       31/31     0.123     0.112     0.566     0.174     0.975        61      1.15      0.644      0.627      0.679
   14/99       31/31     0.122     0.111     0.563     0.161     0.957        67     0.943      0.625      0.577      0.663
   15/99       31/31     0.112     0.108      0.54     0.168     0.928        55      1.14      0.681      0.688      0.702
   16/99       31/31     0.109     0.105     0.535     0.149     0.897        81      1.04      0.661       0.57      0.699
   17/99       31/31     0.109     0.105     0.527     0.146     0.888        90      1.03      0.683      0.623      0.716
   18/99       31/31    0.0992     0.107     0.501     0.141     0.849        53      1.01      0.697      0.672      0.724
   19/99       31/31       0.1    0.0913     0.494     0.152     0.837        93      0.96      0.679       0.66      0.708
   20/99       31/31    0.0981    0.0944     0.486     0.137     0.816        48      1.03      0.694      0.678      0.725
   21/99       31/31    0.0928    0.0888     0.467     0.119     0.768        86      1.11      0.696      0.695      0.718
   22/99       31/31    0.0899    0.0906     0.468      0.13     0.778        88      1.06      0.721      0.682       0.75
   23/99       31/31    0.0917    0.0831     0.467     0.116     0.758        71      1.04      0.644      0.727      0.657
   24/99       31/31     0.089    0.0837     0.462     0.106     0.741        94     0.997       0.71      0.679       0.74
   25/99       31/31    0.0859    0.0917     0.439     0.103     0.719        89      1.03      0.716      0.692      0.742
   26/99       31/31    0.0841    0.0835     0.426     0.101     0.694        65      0.95      0.712      0.699      0.741
   27/99       31/31    0.0837     0.085     0.461    0.0916     0.722        68     0.987      0.717      0.663      0.752
   28/99       31/31    0.0812    0.0887     0.411    0.0865     0.667       130     0.969      0.741      0.705      0.769
   29/99       31/31    0.0833    0.0782     0.426    0.0881     0.676        43      1.05      0.729      0.702      0.763
   30/99       31/31    0.0816     0.087     0.423    0.0823     0.674        86      1.02      0.709      0.664      0.735
   31/99       31/31    0.0745    0.0793     0.391    0.0736     0.618        59     0.977      0.742      0.686      0.767
   32/99       31/31    0.0753    0.0798     0.388    0.0745     0.617        38      1.07      0.714      0.721      0.737
   33/99       31/31    0.0726    0.0801     0.404    0.0666     0.623        95       1.1      0.734      0.736      0.754
   34/99       31/31    0.0763    0.0776     0.408    0.0607     0.623        89      1.08      0.746      0.711      0.774
   35/99       31/31    0.0741    0.0801     0.382    0.0671     0.603        88         1      0.762      0.768      0.783
   36/99       31/31    0.0753    0.0851     0.416    0.0683     0.644        63     0.995      0.757      0.764      0.776
   37/99       31/31    0.0715    0.0721      0.41    0.0589     0.613        43      1.09      0.747      0.711      0.773
   38/99       31/31     0.072    0.0707     0.405    0.0567     0.604        85     0.996       0.75      0.778      0.767
   39/99       31/31    0.0676    0.0752     0.379    0.0569     0.578        52         1      0.761      0.756      0.785
   40/99       31/31    0.0677    0.0692     0.381     0.049     0.566        81      1.08      0.781      0.747      0.806
   41/99       31/31    0.0691    0.0683     0.371    0.0564     0.565        82      1.02      0.751      0.621      0.782
   42/99       31/31    0.0691    0.0648     0.369    0.0484     0.552        72      1.12      0.773      0.741      0.796
   43/99       31/31     0.066    0.0621     0.367    0.0463     0.541        57     0.992      0.774       0.75      0.799
   44/99       31/31    0.0682    0.0633     0.347    0.0453     0.524        68      1.02      0.765      0.752      0.791
   45/99       31/31     0.063    0.0602     0.348    0.0477     0.518        97      1.02      0.756      0.732      0.778
   46/99       31/31    0.0646    0.0705     0.376    0.0481     0.559        55       1.2      0.762      0.771      0.777
   47/99       31/31    0.0656    0.0681     0.351    0.0449      0.53        76     0.924      0.764      0.712      0.786
   48/99       31/31    0.0624     0.067     0.353    0.0357     0.519       100      1.03      0.749      0.757      0.771
   49/99       31/31    0.0616    0.0645     0.354    0.0355     0.516        59      1.09      0.774      0.786       0.79
   50/99       31/31    0.0645    0.0588     0.337    0.0399       0.5        65     0.953      0.758      0.735      0.779
   51/99       31/31    0.0599    0.0603     0.333    0.0346     0.488        66     0.946      0.759      0.754      0.783
   52/99       31/31    0.0592    0.0681     0.341    0.0295     0.498        51     0.938      0.765      0.735      0.792
   53/99       31/31    0.0613    0.0566     0.349    0.0461     0.513        65         1      0.789      0.809      0.806
   54/99       31/31    0.0582    0.0583     0.346    0.0307     0.494        91      1.04      0.785        0.8      0.803
   55/99       31/31    0.0617    0.0597     0.326    0.0288     0.476        92       1.1      0.787      0.773      0.813
   56/99       31/31    0.0584     0.055     0.332    0.0294     0.475        45     0.982      0.779      0.775      0.804
   57/99       31/31     0.056    0.0572     0.332    0.0258     0.471        94      1.06      0.788      0.768      0.812
   58/99       31/31    0.0562    0.0606     0.345    0.0358     0.498        55      1.08       0.76       0.77      0.786
   59/99       31/31    0.0601    0.0534     0.331    0.0345     0.479        90     0.919      0.797      0.768      0.826
   60/99       31/31    0.0549    0.0517     0.308    0.0231     0.438        65     0.982      0.778       0.77      0.801
   61/99       31/31    0.0539    0.0555      0.31    0.0266     0.446        82     0.951      0.758      0.791      0.778
   62/99       31/31     0.056    0.0546      0.33    0.0262     0.467       103      1.01      0.776      0.779      0.797
   63/99       31/31    0.0535    0.0518     0.314    0.0242     0.444       129      1.01      0.777      0.753      0.803
   64/99       31/31    0.0547     0.062     0.309    0.0255     0.452        91     0.918      0.775      0.769      0.809
   65/99       31/31    0.0559    0.0566     0.312    0.0297     0.454        54     0.958      0.767      0.764      0.795
   66/99       31/31    0.0554    0.0645     0.313    0.0336     0.466        78      1.07      0.758      0.763      0.786
   67/99       31/31    0.0518    0.0604     0.315    0.0256     0.453        67     0.921      0.764      0.778      0.784
   68/99       31/31    0.0523    0.0539     0.312    0.0255     0.443        98     0.936      0.769      0.764      0.795
   69/99       31/31     0.054    0.0518     0.296    0.0249     0.427        76     0.955      0.761      0.778       0.78
   70/99       31/31    0.0514    0.0504     0.306     0.019     0.426       127      1.04      0.783      0.787      0.805
   71/99       31/31    0.0514    0.0506     0.302    0.0181     0.422        63     0.913       0.77      0.808      0.787
   72/99       31/31     0.051      0.05     0.299    0.0197     0.419        77     0.877      0.774      0.787      0.799
   73/99       31/31    0.0525    0.0466     0.297    0.0235     0.419        77      0.96      0.775      0.759      0.805
   74/99       31/31    0.0498    0.0478      0.29    0.0184     0.406        46      1.12      0.776      0.768        0.8
   75/99       31/31    0.0523    0.0461     0.284    0.0206     0.403        51      1.03      0.768      0.761      0.794
   76/99       31/31    0.0487    0.0472     0.308    0.0193     0.424        62      1.06      0.781       0.77      0.805
   77/99       31/31    0.0529    0.0486      0.29    0.0174     0.409        77     0.934      0.794      0.786      0.819
   78/99       31/31    0.0482    0.0482     0.302    0.0173     0.415        91      1.09      0.776      0.796      0.794
   79/99       31/31    0.0502    0.0538     0.323     0.017     0.444        62      1.09      0.774      0.778      0.801
   80/99       31/31    0.0494    0.0447     0.304    0.0183     0.416       101     0.989       0.78      0.767      0.804
   81/99       31/31    0.0487    0.0431      0.28    0.0194     0.391        49      1.18      0.786      0.776      0.809
   82/99       31/31    0.0469    0.0411     0.265    0.0192     0.372       107     0.984       0.79      0.791      0.814
   83/99       31/31    0.0475    0.0397     0.278    0.0142     0.379        36     0.933      0.793      0.792      0.812
   84/99       31/31    0.0474    0.0401     0.271    0.0165     0.375        43      1.03      0.799      0.799       0.82
   85/99       31/31    0.0456    0.0378     0.268    0.0155     0.367        85      1.01      0.794      0.787      0.815
   86/99       31/31    0.0448    0.0382     0.272    0.0152      0.37        60     0.934      0.798      0.793      0.819
   87/99       31/31    0.0464    0.0408     0.265    0.0154     0.368        44      1.11      0.795       0.79      0.814
   88/99       31/31    0.0459    0.0411     0.264    0.0169     0.368        96      1.04      0.795      0.798      0.814
   89/99       31/31    0.0462    0.0392     0.264    0.0173     0.367        66     0.992      0.797      0.804      0.817
   90/99       31/31     0.045    0.0394     0.267    0.0141     0.366        66     0.954      0.801      0.798      0.822
   91/99       31/31    0.0465    0.0389     0.267    0.0146     0.367        81     0.961      0.801      0.792      0.821
   92/99       31/31    0.0453    0.0379     0.263    0.0143      0.36        78      1.06      0.801      0.803      0.821
   93/99       31/31     0.044     0.037     0.253    0.0136     0.348        78      0.98        0.8      0.806      0.819
   94/99       31/31    0.0447    0.0369     0.244    0.0144      0.34        57      1.17      0.802        0.8      0.825
   95/99       31/31    0.0461    0.0384     0.251     0.016     0.352        69       1.1      0.797      0.811      0.818
   96/99       31/31     0.046     0.039     0.262    0.0178     0.364        79     0.982      0.802      0.807      0.824
   97/99       31/31    0.0434    0.0383     0.261    0.0117     0.354       163      1.06      0.795        0.8      0.819
   98/99       31/31     0.043    0.0389     0.245    0.0113     0.338        82      1.08      0.793       0.79      0.816
   99/99       31/31    0.0442     0.038     0.262    0.0112     0.355        65     0.895      0.799      0.806      0.822
